Date,Time,Open,High,Low,Close,Volume,OpenInt
2017-05-17,16:00:00,237.32,237.83,236.87,236.95,579847,0
2017-05-17,17:00:00,236.92,237.16,236.17,236.23,2293880,0
2017-05-17,18:00:00,236.25,236.95,236.11,236.93,457593,0
2017-05-17,19:00:00,236.92,236.92,236.42,236.85,311489,0
2017-05-17,20:00:00,236.84,236.85,236.06,236.21,515689,0
2017-05-17,21:00:00,236.16,236.41,235.26,235.74,1018991,0
2017-05-17,22:00:00,235.74,236.11,234.96,235.13,1377985,0
2017-05-18,16:00:00,234.91,235.35,234.63,234.91,528370,0
2017-05-18,17:00:00,234.91,236.2,234.9,235.85,1302896,0
2017-05-18,18:00:00,235.9,236.07,235.36,235.38,238932,0
2017-05-18,19:00:00,235.38,235.87,235.17,235.56,376930,0
2017-05-18,20:00:00,235.59,236.08,235.3,235.94,610986,0
2017-05-18,21:00:00,235.94,236.93,235.94,236.39,657531,0
2017-05-18,22:00:00,236.41,236.56,235.85,235.86,536554,0
2017-05-19,16:00:00,236.52,237.36,236.48,237.18,306794,0
2017-05-19,17:00:00,237.21,237.68,237.17,237.62,267508,0
2017-05-19,18:00:00,237.65,237.78,237.48,237.77,460019,0
2017-05-19,19:00:00,237.78,238.14,237.78,238.04,168864,0
2017-05-19,20:00:00,238.03,238.04,237.83,237.95,155258,0
2017-05-19,21:00:00,237.94,238.28,237.88,238.05,461516,0
2017-05-19,22:00:00,238.04,238.08,237.29,237.56,823739,0
2017-05-22,16:00:00,238.08,238.56,238.04,238.43,224884,0
2017-05-22,17:00:00,238.42,238.58,238.02,238.13,168101,0
2017-05-22,18:00:00,238.12,238.47,238.07,238.46,181983,0
2017-05-22,19:00:00,238.45,238.82,238.44,238.59,210902,0
2017-05-22,20:00:00,238.63,238.75,238.54,238.55,178909,0
2017-05-22,21:00:00,238.55,238.74,238.47,238.63,131241,0
2017-05-22,22:00:00,238.64,238.9,238.6,238.71,572256,0
2017-05-23,16:00:00,239.18,239.21,238.77,238.84,171483,0
2017-05-23,17:00:00,238.85,239.12,238.72,239.06,194914,0
2017-05-23,18:00:00,239.09,239.34,239.03,239.3,192458,0
2017-05-23,19:00:00,239.28,239.43,239.02,239.07,161864,0
2017-05-23,20:00:00,239.05,239.32,239.05,239.21,211289,0
2017-05-23,21:00:00,239.19,239.38,239.08,239.3,214337,0
2017-05-23,22:00:00,239.3,239.4,239.04,239.2,641284,0
2017-05-24,16:00:00,239.52,239.55,239.3,239.39,612725,0
2017-05-24,17:00:00,239.4,239.52,239.25,239.38,117442,0
2017-05-24,18:00:00,239.4,239.49,239.24,239.36,154854,0
2017-05-24,19:00:00,239.37,239.46,239.3,239.39,165228,0
2017-05-24,20:00:00,239.39,239.41,239.25,239.36,94566,0
2017-05-24,21:00:00,239.34,239.72,239.14,239.53,324380,0
2017-05-24,22:00:00,239.55,239.92,239.37,239.8,424544,0
2017-05-25,16:00:00,240.4,240.71,240.16,240.59,163650,0
2017-05-25,17:00:00,240.57,240.99,240.54,240.88,270931,0
2017-05-25,18:00:00,240.86,241.16,240.63,240.66,292262,0
2017-05-25,19:00:00,240.67,241.08,240.58,241.07,262640,0
2017-05-25,20:00:00,241.05,241.07,240.78,241.01,266607,0
2017-05-25,21:00:00,241.01,241.18,240.91,241.06,272265,0
2017-05-25,22:00:00,241.08,241.27,240.82,240.91,503809,0
2017-05-26,16:00:00,240.75,240.99,240.64,240.93,177193,0
2017-05-26,17:00:00,240.94,241.08,240.81,240.82,159709,0
2017-05-26,18:00:00,240.82,240.99,240.73,240.73,232947,0
2017-05-26,19:00:00,240.75,241.02,240.75,240.95,118317,0
2017-05-26,20:00:00,240.95,241.02,240.84,240.86,148594,0
2017-05-26,21:00:00,240.87,241,240.84,240.94,199230,0
2017-05-26,22:00:00,240.94,241.03,240.83,240.93,896505,0
2017-05-30,16:00:00,240.54,240.89,240.43,240.7,292636,0
2017-05-30,17:00:00,240.7,240.82,240.37,240.72,337016,0
2017-05-30,18:00:00,240.71,240.83,240.67,240.72,234960,0
2017-05-30,19:00:00,240.73,240.99,240.73,240.91,152977,0
2017-05-30,20:00:00,240.92,240.96,240.8,240.84,184524,0
2017-05-30,21:00:00,240.84,240.9,240.73,240.85,186923,0
2017-05-30,22:00:00,240.85,240.99,240.72,240.75,790339,0
2017-05-31,16:00:00,241.04,241.09,240.12,240.17,322811,0
2017-05-31,17:00:00,240.18,240.58,239.85,240.55,525229,0
2017-05-31,18:00:00,240.58,240.59,240.01,240.27,311434,0
2017-05-31,19:00:00,240.29,240.48,240.17,240.22,202492,0
2017-05-31,20:00:00,240.22,240.52,240.15,240.22,297702,0
2017-05-31,21:00:00,240.23,240.45,239.97,240.28,281119,0
2017-05-31,22:00:00,240.28,240.72,240.2,240.65,954412,0
2017-06-01,16:00:00,241.13,241.3,240.85,241.13,329007,0
2017-06-01,17:00:00,241.15,241.26,240.91,241.03,558544,0
2017-06-01,18:00:00,241.03,241.55,241,241.54,376840,0
2017-06-01,19:00:00,241.54,241.9,241.51,241.85,243618,0
2017-06-01,20:00:00,241.84,242.11,241.84,242.02,136445,0
2017-06-01,21:00:00,242.01,242.21,241.97,241.99,379076,0
2017-06-01,22:00:00,241.99,242.54,241.92,242.48,537876,0
2017-06-02,16:00:00,242.63,242.88,242.28,242.41,316777,0
2017-06-02,17:00:00,242.45,242.96,242.4,242.87,382305,0
2017-06-02,18:00:00,242.89,243.25,242.8,243.23,181519,0
2017-06-02,19:00:00,243.22,243.29,243.08,243.21,332729,0
2017-06-02,20:00:00,243.22,243.49,243.14,243.41,212166,0
2017-06-02,21:00:00,243.4,243.45,243.18,243.32,315006,0
2017-06-02,22:00:00,243.32,243.55,243.14,243.25,979432,0
2017-06-05,16:00:00,243.17,243.32,242.98,243.28,138429,0
2017-06-05,17:00:00,243.28,243.49,243.26,243.3,265231,0
2017-06-05,18:00:00,243.31,243.31,243.08,243.3,171707,0
2017-06-05,19:00:00,243.3,243.44,243.21,243.32,139718,0
2017-06-05,20:00:00,243.31,243.47,243.26,243.28,185553,0
2017-06-05,21:00:00,243.28,243.34,243.22,243.28,215889,0
2017-06-05,22:00:00,243.29,243.38,243.1,243.16,489516,0
2017-06-06,16:00:00,242.46,242.89,242.32,242.84,337065,0
2017-06-06,17:00:00,242.85,243.02,242.68,242.73,327352,0
2017-06-06,18:00:00,242.74,243.01,242.58,242.86,295733,0
2017-06-06,19:00:00,242.85,242.92,242.75,242.87,272264,0
2017-06-06,20:00:00,242.87,242.88,242.61,242.69,303138,0
2017-06-06,21:00:00,242.7,243.16,242.7,243.07,329392,0
2017-06-06,22:00:00,243.08,243.13,242.37,242.46,749705,0
2017-06-07,16:00:00,242.83,242.99,242.7,242.94,169212,0
2017-06-07,17:00:00,242.96,243.06,242.38,242.67,233352,0
2017-06-07,18:00:00,242.66,242.81,242.5,242.65,158670,0
2017-06-07,19:00:00,242.65,242.66,242.04,242.32,179974,0
2017-06-07,20:00:00,242.32,242.75,242.27,242.68,178112,0
2017-06-07,21:00:00,242.67,242.98,242.63,242.87,237876,0
2017-06-07,22:00:00,242.88,243.13,242.73,242.9,450771,0
2017-06-08,16:00:00,242.98,243.21,242.53,242.77,233876,0
2017-06-08,17:00:00,242.82,242.98,242.4,242.76,251829,0
2017-06-08,18:00:00,242.79,243.09,242.78,243.07,264951,0
2017-06-08,19:00:00,243.05,243.53,243.05,243.38,236140,0
2017-06-08,20:00:00,243.37,243.39,242.84,243.2,254546,0
2017-06-08,21:00:00,243.19,243.21,242.4,242.53,406475,0
2017-06-08,22:00:00,242.53,243.05,242.52,242.97,436223,0
2017-06-09,16:00:00,243.31,243.8,243.24,243.68,303996,0
2017-06-09,17:00:00,243.68,244.2,243.61,244.04,431184,0
2017-06-09,18:00:00,244.03,244.19,243.88,243.89,1872141,0
2017-06-09,19:00:00,243.88,243.99,243.16,243.48,341394,0
2017-06-09,20:00:00,243.5,243.6,242.48,242.48,384686,0
2017-06-09,21:00:00,242.48,242.94,241.14,241.63,776008,0
2017-06-09,22:00:00,241.65,242.77,241.64,242.59,1414684,0
2017-06-12,16:00:00,242.32,242.63,241.69,241.82,954703,0
2017-06-12,17:00:00,241.83,242.34,241.59,242.26,925777,0
2017-06-12,18:00:00,242.27,242.45,242,242.14,444720,0
2017-06-12,19:00:00,242.14,242.18,241.69,241.69,334086,0
2017-06-12,20:00:00,241.69,242.11,241.67,241.73,211976,0
2017-06-12,21:00:00,241.72,242.27,241.71,242.16,233823,0
2017-06-12,22:00:00,242.16,242.6,242.02,242.56,616566,0
2017-06-13,16:00:00,243.22,243.47,243.15,243.25,318669,0
2017-06-13,17:00:00,243.26,243.36,242.88,242.9,307434,0
2017-06-13,18:00:00,242.86,243.42,242.79,243.36,236180,0
2017-06-13,19:00:00,243.36,243.59,243.26,243.57,659672,0
2017-06-13,20:00:00,243.55,243.68,243.36,243.52,743466,0
2017-06-13,21:00:00,243.53,243.74,243.46,243.55,431462,0
2017-06-13,22:00:00,243.53,243.82,243.45,243.73,658533,0
2017-06-14,16:00:00,244.06,244.12,243.54,243.76,317551,0
2017-06-14,17:00:00,243.78,243.84,243.18,243.35,826690,0
2017-06-14,18:00:00,243.34,243.58,243.26,243.55,815252,0
2017-06-14,19:00:00,243.53,243.69,243.34,243.54,393493,0
2017-06-14,20:00:00,243.55,243.74,243.42,243.59,361627,0
2017-06-14,21:00:00,243.55,243.99,242.77,242.94,1313453,0
2017-06-14,22:00:00,242.96,243.63,242.5,243.48,1008073,0
2017-06-15,16:00:00,241.89,242.33,241.75,242.23,572471,0
2017-06-15,17:00:00,242.2,242.43,241.58,242.17,380592,0
2017-06-15,18:00:00,242.17,242.74,242.12,242.38,444827,0
2017-06-15,19:00:00,242.39,242.64,242.25,242.62,168616,0
2017-06-15,20:00:00,242.62,242.83,242.42,242.55,311747,0
2017-06-15,21:00:00,242.54,242.98,242.47,242.84,510620,0
2017-06-15,22:00:00,242.84,243.12,242.63,243.03,944012,0
2017-06-16,16:00:00,243.18,243.19,242.17,242.56,691102,0
2017-06-16,17:00:00,242.56,242.62,242.02,242.24,620550,0
2017-06-16,18:00:00,242.23,242.67,242.11,242.67,370765,0
2017-06-16,19:00:00,242.68,242.83,242.65,242.66,390100,0
2017-06-16,20:00:00,242.68,242.77,242.51,242.72,226455,0
2017-06-16,21:00:00,242.73,242.92,242.66,242.84,344335,0
2017-06-16,22:00:00,242.82,243.05,242.59,242.99,3950689,0
2017-06-19,16:00:00,243.98,244.28,243.85,244.28,457240,0
2017-06-19,17:00:00,244.29,244.96,244.25,244.58,463913,0
2017-06-19,18:00:00,244.58,244.73,244.47,244.66,481310,0
2017-06-19,19:00:00,244.68,244.85,244.67,244.8,117874,0
2017-06-19,20:00:00,244.81,245.05,244.81,244.83,277544,0
2017-06-19,21:00:00,244.83,244.84,244.54,244.61,209240,0
2017-06-19,22:00:00,244.63,245.12,244.62,245.02,539751,0
2017-06-20,16:00:00,244.62,244.63,244.21,244.22,284735,0
2017-06-20,17:00:00,244.22,244.53,244.14,244.45,464950,0
2017-06-20,18:00:00,244.45,244.45,244.1,244.12,342894,0
2017-06-20,19:00:00,244.12,244.23,243.75,244.16,292744,0
2017-06-20,20:00:00,244.17,244.23,244.03,244.1,218830,0
2017-06-20,21:00:00,244.09,244.2,243.76,243.9,268007,0
2017-06-20,22:00:00,243.91,244.1,243.39,243.42,498121,0
2017-06-21,16:00:00,243.8,243.81,243.44,243.48,296662,0
2017-06-21,17:00:00,243.49,243.97,243.45,243.64,596098,0
2017-06-21,18:00:00,243.63,243.63,243.06,243.52,411727,0
2017-06-21,19:00:00,243.51,243.58,243.06,243.06,216456,0
2017-06-21,20:00:00,243.08,243.26,242.81,242.94,182740,0
2017-06-21,21:00:00,242.94,243.45,242.83,243.35,209481,0
2017-06-21,22:00:00,243.34,243.42,243.08,243.32,545707,0
2017-06-22,16:00:00,243.35,243.42,243.03,243.28,205914,0
2017-06-22,17:00:00,243.31,243.65,243.06,243.57,498625,0
2017-06-22,18:00:00,243.58,243.85,243.55,243.76,148804,0
2017-06-22,19:00:00,243.75,243.91,243.55,243.77,128930,0
2017-06-22,20:00:00,243.81,243.92,243.71,243.79,158424,0
2017-06-22,21:00:00,243.8,243.85,243.64,243.78,158866,0
2017-06-22,22:00:00,243.78,243.85,243.2,243.23,713440,0
2017-06-23,16:00:00,243.33,243.33,242.92,243.19,180052,0
2017-06-23,17:00:00,243.21,243.76,243.15,243.61,176442,0
2017-06-23,18:00:00,243.64,243.74,243.56,243.7,330308,0
2017-06-23,19:00:00,243.69,243.86,243.66,243.72,104952,0
2017-06-23,20:00:00,243.72,243.9,243.61,243.78,227254,0
2017-06-23,21:00:00,243.79,243.8,243.49,243.53,254149,0
2017-06-23,22:00:00,243.52,243.71,243.1,243.49,824741,0
2017-06-26,16:00:00,244.29,244.77,244.27,244.75,219372,0
2017-06-26,17:00:00,244.76,244.76,243.63,243.8,341568,0
2017-06-26,18:00:00,243.82,244.06,243.43,244.05,187846,0
2017-06-26,19:00:00,244.05,244.18,243.86,244.09,376919,0
2017-06-26,20:00:00,244.1,244.14,243.88,243.97,251116,0
2017-06-26,21:00:00,243.96,244.03,243.77,244,289468,0
2017-06-26,22:00:00,244.01,244.1,243.57,243.64,865781,0
2017-06-27,16:00:00,243.38,243.45,242.99,243.21,269139,0
2017-06-27,17:00:00,243.22,243.73,243.18,243.63,355314,0
2017-06-27,18:00:00,243.61,243.76,243.54,243.63,351810,0
2017-06-27,19:00:00,243.61,243.67,243.09,243.16,315482,0
2017-06-27,20:00:00,243.16,243.19,242.16,242.49,674860,0
2017-06-27,21:00:00,242.54,242.79,242.11,242.57,505924,0
2017-06-27,22:00:00,242.57,242.63,241.71,241.8,999348,0
2017-06-28,16:00:00,242.92,243.09,242.62,242.71,276845,0
2017-06-28,17:00:00,242.71,243.67,242.69,243.51,439953,0
2017-06-28,18:00:00,243.5,243.86,243.45,243.71,335087,0
2017-06-28,19:00:00,243.68,243.94,243.62,243.91,257127,0
2017-06-28,20:00:00,243.9,244.09,243.83,243.96,261729,0
2017-06-28,21:00:00,243.97,244.02,243.74,243.87,428532,0
2017-06-28,22:00:00,243.87,244.09,243.74,243.79,630917,0
2017-06-29,16:00:00,244.06,244.11,243.17,243.31,337697,0
2017-06-29,17:00:00,243.32,243.41,242.7,243.06,419810,0
2017-06-29,18:00:00,243.06,243.09,241.7,241.72,429344,0
2017-06-29,19:00:00,241.75,242.15,241.37,241.43,477234,0
2017-06-29,20:00:00,241.43,241.67,240.35,241.23,515589,0
2017-06-29,21:00:00,241.24,241.96,240.96,241.82,472171,0
2017-06-29,22:00:00,241.81,242.36,241.72,241.78,1428333,0
2017-06-30,16:00:00,242.69,242.94,242.45,242.47,470295,0
2017-06-30,17:00:00,242.46,242.5,241.96,242.28,369986,0
2017-06-30,18:00:00,242.3,242.52,241.97,242.45,536677,0
2017-06-30,19:00:00,242.45,242.54,242.22,242.33,282278,0
2017-06-30,20:00:00,242.33,242.58,242.32,242.5,256973,0
2017-06-30,21:00:00,242.46,242.92,242.41,242.89,664667,0
2017-06-30,22:00:00,242.89,243.09,242.11,242.17,2024814,0
2017-07-03,16:00:00,243.26,243.57,243.26,243.49,427265,0
2017-07-03,17:00:00,243.67,243.76,243.35,243.59,494209,0
2017-07-03,18:00:00,243.6,243.64,243.39,243.52,377024,0
2017-07-03,19:00:00,243.52,243.52,242.69,242.72,530018,0
2017-07-03,20:00:00,242.68,242.72,242.61,242.63,65622,0
2017-07-03,22:00:00,242.63,242.63,242.63,242.63,0,0
2017-07-05,16:00:00,243.01,243.09,242.43,242.62,330416,0
2017-07-05,17:00:00,242.58,242.88,242.09,242.85,456865,0
2017-07-05,18:00:00,242.85,243.11,242.79,242.83,540067,0
2017-07-05,19:00:00,242.82,243.11,242.77,243.07,804699,0
2017-07-05,20:00:00,243.08,243.26,243.01,243.05,244542,0
2017-07-05,21:00:00,243.04,243.39,242.83,243.01,292541,0
2017-07-05,22:00:00,242.99,243.32,242.82,243.15,1438894,0
2017-07-06,16:00:00,242.29,242.41,241.62,241.7,492737,0
2017-07-06,17:00:00,241.69,241.84,241.23,241.61,416753,0
2017-07-06,18:00:00,241.62,242.12,241.62,242.08,249314,0
2017-07-06,19:00:00,242.12,242.19,241.77,242.02,402296,0
2017-07-06,20:00:00,242.03,242.33,241.69,241.75,621266,0
2017-07-06,21:00:00,241.75,241.75,241.25,241.48,395026,0
2017-07-06,22:00:00,241.5,241.52,240.73,240.96,858384,0
2017-07-07,16:00:00,241.59,241.94,241.41,241.87,321193,0
2017-07-07,17:00:00,241.86,241.94,241.45,241.69,220914,0
2017-07-07,18:00:00,241.72,242.41,241.63,242.32,236051,0
2017-07-07,19:00:00,242.37,242.6,242.31,242.52,205917,0
2017-07-07,20:00:00,242.53,242.67,242.47,242.59,155901,0
2017-07-07,21:00:00,242.6,242.64,242.41,242.42,321268,0
2017-07-07,22:00:00,242.44,242.64,242.33,242.47,689435,0
2017-07-10,16:00:00,242.33,242.58,242.16,242.19,233363,0
2017-07-10,17:00:00,242.23,242.84,242.23,242.83,163179,0
2017-07-10,18:00:00,242.84,242.95,242.75,242.91,145766,0
2017-07-10,19:00:00,242.93,243.06,242.9,243.04,129619,0
2017-07-10,20:00:00,243.05,243.11,242.93,243.08,152506,0
2017-07-10,21:00:00,243.08,243.1,242.93,242.95,160066,0
2017-07-10,22:00:00,242.94,243.18,242.7,242.7,2205343,0
2017-07-11,16:00:00,242.56,242.63,242.27,242.4,206818,0
2017-07-11,17:00:00,242.41,242.78,242.36,242.76,288036,0
2017-07-11,18:00:00,242.76,242.77,241.25,242.2,717603,0
2017-07-11,19:00:00,242.21,242.32,241.85,242.2,170890,0
2017-07-11,20:00:00,242.22,242.65,242.02,242.61,178165,0
2017-07-11,21:00:00,242.63,242.77,242.46,242.55,268428,0
2017-07-11,22:00:00,242.53,242.93,242.44,242.58,547614,0
2017-07-12,16:00:00,243.73,244.4,243.72,244.27,276284,0
2017-07-12,17:00:00,244.26,244.49,244.02,244.04,362359,0
2017-07-12,18:00:00,244.03,244.28,243.96,244.21,232049,0
2017-07-12,19:00:00,244.21,244.35,243.92,244.24,249639,0
2017-07-12,20:00:00,244.29,244.48,244.15,244.47,339487,0
2017-07-12,21:00:00,244.46,244.58,244.34,244.45,465019,0
2017-07-12,22:00:00,244.46,244.59,244.28,244.33,927478,0
2017-07-13,16:00:00,244.44,244.72,244.31,244.68,364091,0
2017-07-13,17:00:00,244.67,244.74,244.17,244.43,357219,0
2017-07-13,18:00:00,244.42,244.83,244.41,244.77,354641,0
2017-07-13,19:00:00,244.77,244.89,244.7,244.85,201658,0
2017-07-13,20:00:00,244.85,244.89,244.66,244.77,236744,0
2017-07-13,21:00:00,244.76,244.86,244.56,244.83,312045,0
2017-07-13,22:00:00,244.82,244.95,244.7,244.78,585500,0
2017-07-14,16:00:00,244.84,245.27,244.72,245.14,229299,0
2017-07-14,17:00:00,245.11,245.29,244.98,245.25,134453,0
2017-07-14,18:00:00,245.16,245.28,245.07,245.26,185272,0
2017-07-14,19:00:00,245.26,245.67,245.2,245.59,212658,0
2017-07-14,20:00:00,245.59,245.9,245.56,245.89,177352,0
2017-07-14,21:00:00,245.88,246.04,245.88,245.9,243140,0
2017-07-14,22:00:00,245.9,246.37,245.79,245.84,875451,0
2017-07-17,16:00:00,245.87,246.08,245.72,246.05,592122,0
2017-07-17,17:00:00,245.99,246.2,245.89,246.2,213178,0
2017-07-17,18:00:00,246.17,246.26,245.92,246.02,183105,0
2017-07-17,19:00:00,246,246.22,245.98,246.19,147978,0
2017-07-17,20:00:00,246.2,246.32,246.05,246.1,295509,0
2017-07-17,21:00:00,246.09,246.12,245.92,245.97,187364,0
2017-07-17,22:00:00,245.97,246.01,245.79,245.89,602552,0
2017-07-18,16:00:00,245.47,245.63,245.29,245.54,315142,0
2017-07-18,17:00:00,245.55,245.74,245.07,245.63,382240,0
2017-07-18,18:00:00,245.63,245.85,245.49,245.78,194332,0
2017-07-18,19:00:00,245.77,245.86,245.64,245.64,206552,0
2017-07-18,20:00:00,245.62,245.89,245.51,245.83,230892,0
2017-07-18,21:00:00,245.82,245.95,245.75,245.86,277133,0
2017-07-18,22:00:00,245.85,246.12,245.84,246.06,327584,0
2017-07-19,16:00:00,246.45,246.8,246.42,246.79,161444,0
2017-07-19,17:00:00,246.83,246.93,246.54,246.74,231685,0
2017-07-19,18:00:00,246.75,247,246.73,246.93,158032,0
2017-07-19,19:00:00,246.93,247.06,246.93,247.01,133197,0
2017-07-19,20:00:00,246.98,247.19,246.98,247.13,131736,0
2017-07-19,21:00:00,247.14,247.25,247.11,247.21,371482,0
2017-07-19,22:00:00,247.21,247.41,247.18,247.36,399799,0
2017-07-20,16:00:00,247.69,247.83,247.49,247.7,263902,0
2017-07-20,17:00:00,247.68,247.73,246.89,247.48,628879,0
2017-07-20,18:00:00,247.48,247.67,247.09,247.4,523260,0
2017-07-20,19:00:00,247.35,247.7,247.31,247.66,329686,0
2017-07-20,20:00:00,247.66,247.76,247.48,247.7,273983,0
2017-07-20,21:00:00,247.69,247.7,247.39,247.65,703955,0
2017-07-20,22:00:00,247.64,247.77,247.39,247.45,434241,0
2017-07-21,16:00:00,246.85,247.05,246.64,246.74,412979,0
2017-07-21,17:00:00,246.73,246.95,246.58,246.68,431857,0
2017-07-21,18:00:00,246.69,247.11,246.66,247.11,381009,0
2017-07-21,19:00:00,247.14,247.2,246.99,247.19,171932,0
2017-07-21,20:00:00,247.18,247.3,247.07,247.14,161205,0
2017-07-21,21:00:00,247.14,247.18,246.97,247.1,278768,0
2017-07-21,22:00:00,247.1,247.31,246.91,247.25,538922,0
2017-07-24,16:00:00,247.19,247.26,246.83,247.03,265967,0
2017-07-24,17:00:00,247.01,247.03,246.77,246.84,366618,0
2017-07-24,18:00:00,246.84,246.99,246.69,246.98,259847,0
2017-07-24,19:00:00,246.98,247.11,246.97,247.08,128869,0
2017-07-24,20:00:00,247.09,247.11,246.99,247.04,218425,0
2017-07-24,21:00:00,247.03,247.25,247.03,247.21,355894,0
2017-07-24,22:00:00,247.21,247.38,247.11,247.23,1052350,0
2017-07-25,16:00:00,248.09,248.12,247.71,247.88,236115,0
2017-07-25,17:00:00,247.86,247.99,247.58,247.81,829465,0
2017-07-25,18:00:00,247.82,248.18,247.82,248.12,465602,0
2017-07-25,19:00:00,248.12,248.21,247.99,248.06,254549,0
2017-07-25,20:00:00,248.07,248.16,248.02,248.05,306335,0
2017-07-25,21:00:00,248.05,248.1,247.88,248,508171,0
2017-07-25,22:00:00,248,248.05,247.7,247.8,1096959,0
2017-07-26,16:00:00,248.17,248.18,247.88,248.03,239477,0
2017-07-26,17:00:00,248.03,248.21,247.85,247.89,387068,0
2017-07-26,18:00:00,247.91,248.01,247.88,247.97,571257,0
2017-07-26,19:00:00,247.96,248.07,247.92,247.95,275048,0
2017-07-26,20:00:00,247.93,247.94,247.77,247.78,387140,0
2017-07-26,21:00:00,247.79,248.08,247.73,247.82,502927,0
2017-07-26,22:00:00,247.79,247.92,247.54,247.87,1124350,0
2017-07-27,16:00:00,248.39,248.42,247.95,248,261615,0
2017-07-27,17:00:00,248,248.37,247.99,248.34,244463,0
2017-07-27,18:00:00,248.33,248.35,248.13,248.34,252953,0
2017-07-27,19:00:00,248.33,248.36,247.3,247.45,434802,0
2017-07-27,20:00:00,247.48,247.58,246.08,246.59,862491,0
2017-07-27,21:00:00,246.65,247.13,246.48,246.87,608739,0
2017-07-27,22:00:00,246.86,247.66,246.61,247.65,518384,0
2017-07-28,16:00:00,247.06,247.27,246.84,246.89,294004,0
2017-07-28,17:00:00,246.88,247.02,246.62,246.76,331248,0
2017-07-28,18:00:00,246.78,247.12,246.54,247.08,295399,0
2017-07-28,19:00:00,247.08,247.18,247.02,247.08,139300,0
2017-07-28,20:00:00,247.06,247.17,246.97,247.05,180847,0
2017-07-28,21:00:00,247.06,247.27,247,247.23,189687,0
2017-07-28,22:00:00,247.24,247.46,247.1,247.3,611526,0
2017-07-31,16:00:00,247.77,247.88,247.42,247.43,209344,0
2017-07-31,17:00:00,247.44,247.46,246.94,247.08,335263,0
2017-07-31,18:00:00,247.07,247.43,247.07,247.4,198370,0
2017-07-31,19:00:00,247.37,247.52,247.23,247.47,359792,0
2017-07-31,20:00:00,247.47,247.57,247.29,247.45,116335,0
2017-07-31,21:00:00,247.46,247.49,247.25,247.28,219165,0
2017-07-31,22:00:00,247.28,247.65,247.12,247.22,1160104,0
2017-08-01,16:00:00,247.88,247.91,247.35,247.4,331552,0
2017-08-01,17:00:00,247.41,247.73,247.29,247.67,268551,0
2017-08-01,18:00:00,247.67,247.73,247.22,247.67,325076,0
2017-08-01,19:00:00,247.67,247.79,247.63,247.68,272442,0
2017-08-01,20:00:00,247.69,247.79,247.66,247.74,114827,0
2017-08-01,21:00:00,247.75,247.78,247.64,247.75,261286,0
2017-08-01,22:00:00,247.75,247.77,247.57,247.72,482267,0
2017-08-02,16:00:00,247.89,248.01,247.55,247.61,234136,0
2017-08-02,17:00:00,247.61,247.88,246.79,246.88,440992,0
2017-08-02,18:00:00,246.91,247.41,246.81,247.22,732608,0
2017-08-02,19:00:00,247.22,247.27,247.04,247.14,243820,0
2017-08-02,20:00:00,247.14,247.61,247.01,247.59,249129,0
2017-08-02,21:00:00,247.59,247.82,247.51,247.74,242959,0
2017-08-02,22:00:00,247.74,247.9,247.56,247.85,283153,0
2017-08-03,16:00:00,247.71,247.74,247.34,247.42,196085,0
2017-08-03,17:00:00,247.38,247.7,247.3,247.65,285725,0
2017-08-03,18:00:00,247.65,247.71,247.34,247.36,200656,0
2017-08-03,19:00:00,247.36,247.54,247.33,247.41,162988,0
2017-08-03,20:00:00,247.43,247.59,247.2,247.52,199417,0
2017-08-03,21:00:00,247.52,247.6,247.38,247.41,214810,0
2017-08-03,22:00:00,247.41,247.64,247.06,247.42,395500,0
2017-08-04,16:00:00,247.92,248.2,247.65,247.67,168009,0
2017-08-04,17:00:00,247.66,247.98,247.39,247.72,564659,0
2017-08-04,18:00:00,247.71,247.88,247.6,247.81,116896,0
2017-08-04,19:00:00,247.83,247.84,247.63,247.72,127578,0
2017-08-04,20:00:00,247.74,247.83,247.67,247.82,130556,0
2017-08-04,21:00:00,247.8,247.84,247.56,247.64,138869,0
2017-08-04,22:00:00,247.64,247.85,247.57,247.79,581452,0
2017-08-07,16:00:00,247.9,247.99,247.78,247.96,164058,0
2017-08-07,17:00:00,247.97,248.04,247.77,247.9,206284,0
2017-08-07,18:00:00,247.84,248.06,247.82,248.04,126229,0
2017-08-07,19:00:00,248.03,248.14,248.03,248.14,213053,0
2017-08-07,20:00:00,248.15,248.17,248.02,248.09,101517,0
2017-08-07,21:00:00,248.09,248.19,248.05,248.12,125071,0
2017-08-07,22:00:00,248.12,248.28,248.09,248.25,274493,0
2017-08-08,16:00:00,247.92,248.07,247.75,248.02,160021,0
2017-08-08,17:00:00,248.03,248.73,248,248.71,267244,0
2017-08-08,18:00:00,248.7,249.24,248.67,249.24,181190,0
2017-08-08,19:00:00,249.2,249.33,248.7,248.7,199758,0
2017-08-08,20:00:00,248.71,248.77,248.28,248.52,144526,0
2017-08-08,21:00:00,248.53,248.57,248.16,248.2,199715,0
2017-08-08,22:00:00,248.21,248.23,247.25,247.7,434214,0
2017-08-09,16:00:00,246.86,247.28,246.47,247.17,399892,0
2017-08-09,17:00:00,247.17,247.41,246.73,247.31,316679,0
2017-08-09,18:00:00,247.28,247.52,246.87,247.51,206165,0
2017-08-09,19:00:00,247.49,247.56,247.22,247.23,119922,0
2017-08-09,20:00:00,247.25,247.4,247.13,247.2,144331,0
2017-08-09,21:00:00,247.21,247.24,246.78,247.06,306544,0
2017-08-09,22:00:00,247.07,247.72,246.9,247.66,432476,0
2017-08-10,16:00:00,246.69,246.84,246.15,246.28,357553,0
2017-08-10,17:00:00,246.3,246.32,245.45,245.83,582888,0
2017-08-10,18:00:00,245.85,245.96,245.29,245.43,368046,0
2017-08-10,19:00:00,245.45,245.52,244.85,245.29,333436,0
2017-08-10,20:00:00,245.3,245.54,245.02,245.2,638526,0
2017-08-10,21:00:00,245.2,245.88,245,245.39,589619,0
2017-08-10,22:00:00,245.41,245.52,244.1,244.22,939811,0
2017-08-11,16:00:00,244.4,244.77,244.14,244.55,353409,0
2017-08-11,17:00:00,244.54,245.19,244.44,245.02,444632,0
2017-08-11,18:00:00,245.01,245.02,244.42,244.65,274207,0
2017-08-11,19:00:00,244.67,244.92,244.58,244.75,135379,0
2017-08-11,20:00:00,244.76,244.95,244.65,244.82,138565,0
2017-08-11,21:00:00,244.82,245.08,244.27,244.33,507313,0
2017-08-11,22:00:00,244.35,244.79,244.18,244.48,1255664,0
2017-08-14,16:00:00,245.99,246.64,245.98,246.58,332009,0
2017-08-14,17:00:00,246.6,247.19,246.58,247.05,302005,0
2017-08-14,18:00:00,247.04,247.11,246.87,247.03,314313,0
2017-08-14,19:00:00,247.03,247.14,246.86,246.93,124340,0
2017-08-14,20:00:00,246.97,247.1,246.88,247.01,345868,0
2017-08-14,21:00:00,247.03,247.08,246.65,246.77,202573,0
2017-08-14,22:00:00,246.77,247.16,246.69,246.91,582759,0
2017-08-15,16:00:00,247.41,247.41,246.82,247.18,244457,0
2017-08-15,17:00:00,247.17,247.21,246.57,246.87,278995,0
2017-08-15,18:00:00,246.85,247.08,246.77,246.8,168817,0
2017-08-15,19:00:00,246.78,247.05,246.77,246.93,129705,0
2017-08-15,20:00:00,246.93,246.93,246.64,246.81,208086,0
2017-08-15,21:00:00,246.82,247.11,246.8,247.05,131513,0
2017-08-15,22:00:00,247.04,247.32,246.87,246.91,603167,0
2017-08-16,16:00:00,247.51,247.64,247.28,247.55,485679,0
2017-08-16,17:00:00,247.58,247.86,247.47,247.79,240050,0
2017-08-16,18:00:00,247.81,247.88,247.52,247.78,237282,0
2017-08-16,19:00:00,247.77,247.97,247.55,247.6,156495,0
2017-08-16,20:00:00,247.62,247.7,247.19,247.35,208733,0
2017-08-16,21:00:00,247.36,247.64,246.87,247.3,438185,0
2017-08-16,22:00:00,247.31,247.4,247.11,247.34,944771,0
2017-08-17,16:00:00,246.65,247.01,246.48,246.5,333836,0
2017-08-17,17:00:00,246.5,246.56,245.59,245.89,914297,0
2017-08-17,18:00:00,245.93,246.39,245.6,245.72,315934,0
2017-08-17,19:00:00,245.74,245.88,244.85,245.01,463703,0
2017-08-17,20:00:00,244.99,245.18,244.71,244.99,410829,0
2017-08-17,21:00:00,244.99,245.03,244.47,244.67,735603,0
2017-08-17,22:00:00,244.67,244.67,243.51,243.56,1494297,0
2017-08-18,16:00:00,243.3,243.38,242.59,242.61,479484,0
2017-08-18,17:00:00,242.63,243.38,242.63,243.1,370779,0
2017-08-18,18:00:00,243.13,244.14,242.67,243.94,383402,0
2017-08-18,19:00:00,243.99,244.55,243.66,244.21,426263,0
2017-08-18,20:00:00,244.22,244.32,243.48,243.48,300087,0
2017-08-18,21:00:00,243.5,243.87,243.49,243.58,147286,0
2017-08-18,22:00:00,243.58,243.84,243,243.08,1779291,0
2017-08-21,16:00:00,243.01,243.23,242.65,242.71,557861,0
2017-08-21,17:00:00,242.7,242.96,242.21,242.87,409910,0
2017-08-21,18:00:00,242.91,243.43,242.69,243.2,291634,0
2017-08-21,19:00:00,243.21,243.58,243.2,243.37,276700,0
2017-08-21,20:00:00,243.36,243.39,242.98,243.02,300877,0
2017-08-21,21:00:00,243.02,243.16,242.87,243.06,352135,0
2017-08-21,22:00:00,243.04,243.54,242.81,243.35,552474,0
2017-08-22,16:00:00,243.96,244.86,243.94,244.66,329816,0
2017-08-22,17:00:00,244.66,245.03,244.66,245,316945,0
2017-08-22,18:00:00,245.04,245.33,244.84,245.25,192560,0
2017-08-22,19:00:00,245.25,245.48,245.23,245.37,274873,0
2017-08-22,20:00:00,245.37,245.49,245.32,245.37,139237,0
2017-08-22,21:00:00,245.35,245.78,245.3,245.7,265873,0
2017-08-22,22:00:00,245.7,246.02,245.66,245.74,454727,0
2017-08-23,16:00:00,244.72,245.21,244.56,245.19,495136,0
2017-08-23,17:00:00,245.19,245.32,244.81,245.08,341687,0
2017-08-23,18:00:00,245.05,245.44,244.93,245.38,163490,0
2017-08-23,19:00:00,245.34,245.44,245.05,245.15,184764,0
2017-08-23,20:00:00,245.16,245.19,244.83,244.96,304745,0
2017-08-23,21:00:00,244.97,245.25,244.9,245.19,191430,0
2017-08-23,22:00:00,245.19,245.43,244.9,244.9,596619,0
2017-08-24,16:00:00,245.41,245.58,244.53,244.6,289241,0
2017-08-24,17:00:00,244.58,245.32,244.4,245.1,157270,0
2017-08-24,18:00:00,245.08,245.18,244.14,244.59,268507,0
2017-08-24,19:00:00,244.65,244.77,244.49,244.64,211732,0
2017-08-24,20:00:00,244.64,245.08,244.59,244.76,173296,0
2017-08-24,21:00:00,244.76,244.84,244.44,244.72,150462,0
2017-08-24,22:00:00,244.71,244.81,244.32,244.44,787036,0
2017-08-25,16:00:00,245.31,245.83,245.24,245.67,296334,0
2017-08-25,17:00:00,245.67,246.01,245.22,245.31,499051,0
2017-08-25,18:00:00,245.29,245.29,244.8,244.98,693934,0
2017-08-25,19:00:00,244.98,245.28,244.97,245.23,396684,0
2017-08-25,20:00:00,245.23,245.42,245.19,245.29,95120,0
2017-08-25,21:00:00,245.28,245.46,245.27,245.42,166065,0
2017-08-25,22:00:00,245.43,245.63,244.85,244.93,647037,0
2017-08-28,16:00:00,245.56,245.6,244.99,245.03,231611,0
2017-08-28,17:00:00,245.03,245.19,244.74,245.16,265041,0
2017-08-28,18:00:00,245.15,245.24,244.79,245.01,189370,0
2017-08-28,19:00:00,244.97,245.01,244.5,244.63,235370,0
2017-08-28,20:00:00,244.64,244.9,244.63,244.84,128403,0
2017-08-28,21:00:00,244.86,244.91,244.69,244.81,201771,0
2017-08-28,22:00:00,244.81,245.02,244.69,244.98,504023,0
2017-08-29,16:00:00,243.52,244.25,243.33,244.18,320232,0
2017-08-29,17:00:00,244.22,244.7,243.85,244.62,826962,0
2017-08-29,18:00:00,244.62,244.97,244.54,244.8,225681,0
2017-08-29,19:00:00,244.79,245.11,244.74,245.02,177725,0
2017-08-29,20:00:00,245,245.17,244.84,245.06,176658,0
2017-08-29,21:00:00,245.04,245.36,244.98,245.34,267131,0
2017-08-29,22:00:00,245.33,245.56,245.21,245.33,1202167,0
2017-08-30,16:00:00,245.25,245.56,245.04,245.53,164337,0
2017-08-30,17:00:00,245.53,245.89,245.4,245.86,215534,0
2017-08-30,18:00:00,245.86,246,245.74,245.92,164581,0
2017-08-30,19:00:00,245.91,246.23,245.85,246.22,151358,0
2017-08-30,20:00:00,246.22,246.69,246.22,246.64,258121,0
2017-08-30,21:00:00,246.64,246.73,246.45,246.64,180729,0
2017-08-30,22:00:00,246.65,246.66,246.08,246.47,633222,0
2017-08-31,16:00:00,247.13,247.45,247.04,247.42,270011,0
2017-08-31,17:00:00,247.41,247.73,247.22,247.39,300838,0
2017-08-31,18:00:00,247.37,247.52,247.1,247.47,277012,0
2017-08-31,19:00:00,247.47,247.7,247.47,247.63,328393,0
2017-08-31,20:00:00,247.62,247.68,247.49,247.63,336998,0
2017-08-31,21:00:00,247.62,247.97,247.47,247.96,241255,0
2017-08-31,22:00:00,247.95,248.19,247.65,247.76,2384094,0
2017-09-01,16:00:00,248.36,248.55,248.11,248.28,412250,0
2017-09-01,17:00:00,248.3,248.59,248.11,248.56,401853,0
2017-09-01,18:00:00,248.55,248.62,248.26,248.52,389163,0
2017-09-01,19:00:00,248.53,248.74,248.48,248.72,481036,0
2017-09-01,20:00:00,248.71,248.76,248.57,248.6,262803,0
2017-09-01,21:00:00,248.6,248.69,248.52,248.59,402083,0
2017-09-01,22:00:00,248.59,248.67,248.28,248.3,865199,0
2017-09-05,16:00:00,247.65,247.92,247.37,247.79,645189,0
2017-09-05,17:00:00,247.8,247.9,247.03,247.26,354346,0
2017-09-05,18:00:00,247.26,247.31,246.9,247.17,267206,0
2017-09-05,19:00:00,247.15,247.15,245.72,245.95,566652,0
2017-09-05,20:00:00,245.95,246.18,245.37,246.17,457497,0
2017-09-05,21:00:00,246.15,246.55,246.02,246.24,326311,0
2017-09-05,22:00:00,246.23,246.66,245.99,246.56,1653935,0
2017-09-06,16:00:00,247.29,247.4,247.02,247.19,193817,0
2017-09-06,17:00:00,247.17,247.5,246.65,247.13,332769,0
2017-09-06,18:00:00,247.13,247.17,246.66,246.99,270402,0
2017-09-06,19:00:00,246.99,247.27,246.86,247.23,205389,0
2017-09-06,20:00:00,247.27,247.46,247.24,247.3,142734,0
2017-09-06,21:00:00,247.28,247.61,247.27,247.51,302174,0
2017-09-06,22:00:00,247.51,247.71,247.23,247.31,1387619,0
2017-09-07,16:00:00,247.69,247.69,247.27,247.35,458501,0
2017-09-07,17:00:00,247.34,247.58,246.86,247.43,272194,0
2017-09-07,18:00:00,247.42,247.57,247,247.12,280074,0
2017-09-07,19:00:00,247.11,247.2,246.83,247.12,431014,0
2017-09-07,20:00:00,247.11,247.27,247.03,247.19,384137,0
2017-09-07,21:00:00,247.19,247.34,247.13,247.31,421591,0
2017-09-07,22:00:00,247.31,247.37,247.01,247.35,830235,0
2017-09-08,16:00:00,246.93,247.13,246.73,247.13,369588,0
2017-09-08,17:00:00,247.14,247.29,246.98,247.27,461544,0
2017-09-08,18:00:00,247.26,247.53,247.17,247.22,343221,0
2017-09-08,19:00:00,247.22,247.33,247.01,247.27,231814,0
2017-09-08,20:00:00,247.27,247.27,247.05,247.16,210534,0
2017-09-08,21:00:00,247.16,247.35,247.06,247.18,263777,0
2017-09-08,22:00:00,247.17,247.24,246.78,246.93,1125726,0
2017-09-11,16:00:00,248.48,249.08,248.46,248.97,328857,0
2017-09-11,17:00:00,248.97,249.22,248.93,248.98,409773,0
2017-09-11,18:00:00,248.99,249.38,248.95,249.31,327740,0
2017-09-11,19:00:00,249.32,249.73,249.24,249.56,254809,0
2017-09-11,20:00:00,249.56,249.67,249.54,249.59,238539,0
2017-09-11,21:00:00,249.6,249.65,249.48,249.51,573789,0
2017-09-11,22:00:00,249.47,249.63,249.44,249.55,761687,0
2017-09-12,16:00:00,250.07,250.41,250,250.22,297130,0
2017-09-12,17:00:00,250.23,250.29,249.87,250.03,198228,0
2017-09-12,18:00:00,250.02,250.2,249.95,250.15,156235,0
2017-09-12,19:00:00,250.15,250.37,250.11,250.34,171998,0
2017-09-12,20:00:00,250.34,250.48,250.25,250.25,184989,0
2017-09-12,21:00:00,250.25,250.33,250.09,250.22,245654,0
2017-09-12,22:00:00,250.22,250.53,250.05,250.52,444017,0
2017-09-13,16:00:00,250.14,250.4,250.04,250.39,438101,0
2017-09-13,17:00:00,250.4,250.51,250.28,250.4,279210,0
2017-09-13,18:00:00,250.4,250.55,250.16,250.31,175780,0
2017-09-13,19:00:00,250.3,250.56,250.28,250.47,116180,0
2017-09-13,20:00:00,250.48,250.52,250.31,250.41,281987,0
2017-09-13,21:00:00,250.41,250.55,250.36,250.48,296166,0
2017-09-13,22:00:00,250.47,250.66,250.39,250.63,358524,0
2017-09-14,16:00:00,250.23,250.42,250.05,250.4,137863,0
2017-09-14,17:00:00,250.41,250.6,250.26,250.5,176352,0
2017-09-14,18:00:00,250.52,250.75,250.48,250.57,105794,0
2017-09-14,19:00:00,250.56,250.68,250.43,250.64,157178,0
2017-09-14,20:00:00,250.63,250.63,250.45,250.47,152729,0
2017-09-14,21:00:00,250.46,250.65,250.42,250.55,985171,0
2017-09-14,22:00:00,250.56,250.59,250.39,250.54,982422,0
2017-09-15,16:00:00,250.42,250.55,250.33,250.34,267661,0
2017-09-15,17:00:00,250.32,250.87,250.26,250.74,208470,0
2017-09-15,18:00:00,250.73,250.77,250.63,250.75,326904,0
2017-09-15,19:00:00,250.76,250.8,250.63,250.64,241600,0
2017-09-15,20:00:00,250.63,250.72,250.58,250.65,331033,0
2017-09-15,21:00:00,250.64,250.75,250.59,250.74,168872,0
2017-09-15,22:00:00,250.72,250.96,250.7,250.86,623678,0
2017-09-18,16:00:00,251.3,251.8,251.18,251.68,168036,0
2017-09-18,17:00:00,251.67,251.72,251.51,251.58,173879,0
2017-09-18,18:00:00,251.58,251.74,251.57,251.59,334841,0
2017-09-18,19:00:00,251.59,251.63,251.4,251.53,131754,0
2017-09-18,20:00:00,251.54,251.62,251.44,251.53,105239,0
2017-09-18,21:00:00,251.53,251.53,250.96,251.17,298225,0
2017-09-18,22:00:00,251.16,251.47,251.14,251.43,255272,0
2017-09-19,16:00:00,251.67,251.7,251.36,251.4,361961,0
2017-09-19,17:00:00,251.41,251.64,251.37,251.56,197495,0
2017-09-19,18:00:00,251.53,251.66,251.3,251.59,213905,0
2017-09-19,19:00:00,251.61,251.74,251.6,251.64,169303,0
2017-09-19,20:00:00,251.64,251.71,251.57,251.7,109796,0
2017-09-19,21:00:00,251.7,251.76,251.56,251.6,386450,0
2017-09-19,22:00:00,251.61,251.76,251.58,251.66,686936,0
2017-09-20,16:00:00,251.76,251.87,251.63,251.7,659532,0
2017-09-20,17:00:00,251.7,251.72,251.44,251.48,247944,0
2017-09-20,18:00:00,251.48,251.75,251.42,251.71,238178,0
2017-09-20,19:00:00,251.71,251.84,251.67,251.78,139530,0
2017-09-20,20:00:00,251.76,251.78,251.46,251.57,301513,0
2017-09-20,21:00:00,251.54,251.58,250.62,251.31,934556,0
2017-09-20,22:00:00,251.3,251.84,251.13,251.81,936473,0
2017-09-21,16:00:00,251.59,251.66,250.88,251.09,453224,0
2017-09-21,17:00:00,251.1,251.39,250.88,251.29,429201,0
2017-09-21,18:00:00,251.29,251.51,251.27,251.35,215253,0
2017-09-21,19:00:00,251.38,251.54,251.28,251.44,404397,0
2017-09-21,20:00:00,251.44,251.52,251.32,251.45,229637,0
2017-09-21,21:00:00,251.45,251.48,251.12,251.33,208409,0
2017-09-21,22:00:00,251.33,251.44,251.02,251.09,388249,0
2017-09-22,16:00:00,250.73,250.99,250.71,250.83,157512,0
2017-09-22,17:00:00,250.84,251.09,250.79,250.79,192453,0
2017-09-22,18:00:00,250.78,250.98,250.73,250.98,134478,0
2017-09-22,19:00:00,250.98,251.03,250.85,250.85,140148,0
2017-09-22,20:00:00,250.84,250.95,250.74,250.92,129287,0
2017-09-22,21:00:00,250.92,250.97,250.83,250.96,99313,0
2017-09-22,22:00:00,250.96,251.32,250.95,251.16,674940,0
2017-09-25,16:00:00,250.82,251.03,250.77,250.92,251293,0
2017-09-25,17:00:00,250.94,251.24,250.26,250.3,508868,0
2017-09-25,18:00:00,250.29,250.5,249.76,250.19,1479978,0
2017-09-25,19:00:00,250.21,250.48,249.85,250.38,277194,0
2017-09-25,20:00:00,250.38,250.55,250.25,250.41,278595,0
2017-09-25,21:00:00,250.41,250.52,250.06,250.34,261451,0
2017-09-25,22:00:00,250.34,250.68,250.21,250.67,1031603,0
2017-09-26,16:00:00,251.1,251.37,250.98,251.25,230792,0
2017-09-26,17:00:00,251.27,251.35,250.8,250.83,270883,0
2017-09-26,18:00:00,250.83,250.88,250.49,250.81,319460,0
2017-09-26,19:00:00,250.82,251,250.68,250.85,181831,0
2017-09-26,20:00:00,250.89,251.16,250.84,251.09,201696,0
2017-09-26,21:00:00,251.11,251.15,250.855,250.93,289244,0
2017-09-26,22:00:00,250.93,251.12,250.57,250.7,1536524,0
2017-09-27,16:00:00,251.6,251.74,251.43,251.443,204274,0
2017-09-27,17:00:00,251.45,251.55,250.55,250.7401,805785,0
2017-09-27,18:00:00,250.8,251.0832,250.7001,250.97,351200,0
2017-09-27,19:00:00,250.9786,251.17,250.82,251.16,249618,0
2017-09-27,20:00:00,251.16,251.47,251.12,251.4212,151738,0
2017-09-27,21:00:00,251.42,252.04,251.42,251.9,357374,0
2017-09-27,22:00:00,251.93,252.17,251.66,251.71,662043,0
2017-09-28,16:00:00,251.38,251.69,251.37,251.53,255261,0
2017-09-28,17:00:00,251.52,251.88,251.32,251.679,254101,0
2017-09-28,18:00:00,251.68,251.9086,251.58,251.76,137707,0
2017-09-28,19:00:00,251.7649,252.009,251.6999,251.98,169084,0
2017-09-28,20:00:00,251.9438,252.11,251.86,252.1,135775,0
2017-09-28,21:00:00,252.0934,252.13,251.85,251.95,242291,0
2017-09-28,22:00:00,251.94,252.05,251.77,252,671677,0
2017-09-29,16:00:00,252.02,252.23,251.82,252,584615,0
2017-09-29,17:00:00,252.04,252.485,251.98,252.45,396539,0
2017-09-29,18:00:00,252.43,252.69,252.36,252.6885,243089,0
2017-09-29,19:00:00,252.685,252.85,252.65,252.8,225059,0
2017-09-29,20:00:00,252.79,252.82,252.6634,252.74,340799,0
2017-09-29,21:00:00,252.74,252.78,252.575,252.71,440506,0
2017-09-29,22:00:00,252.71,253.02,252.68,252.89,1249551,0
2017-10-02,16:00:00,253.19,253.57,253.11,253.55,495865,0
2017-10-02,17:00:00,253.58,253.88,253.48,253.58,701058,0
2017-10-02,18:00:00,253.58,253.64,253.31,253.31,361533,0
2017-10-02,19:00:00,253.3,253.73,253.23,253.71,203674,0
2017-10-02,20:00:00,253.71,253.8,253.63,253.77,311660,0
2017-10-02,21:00:00,253.77,253.84,253.66,253.8,522250,0
2017-10-02,22:00:00,253.827,253.99,253.69,253.97,785202,0
2017-10-03,16:00:00,254.13,254.27,253.97,254.2155,170231,0
2017-10-03,17:00:00,254.23,254.239,253.9701,254.0979,327541,0
2017-10-03,18:00:00,254.09,254.19,253.93,254.18,156084,0
2017-10-03,19:00:00,254.1787,254.29,254.16,254.27,224020,0
2017-10-03,20:00:00,254.28,254.3136,254.21,254.2764,202673,0
2017-10-03,21:00:00,254.29,254.44,254.28,254.42,205656,0
2017-10-03,22:00:00,254.41,254.59,254.34,254.57,619734,0
2017-10-04,16:00:00,254.4,254.59,254.2855,254.5301,398622,0
2017-10-04,17:00:00,254.51,254.59,254.39,254.587,132174,0
2017-10-04,18:00:00,254.64,255,254.5956,254.9912,192107,0
2017-10-04,19:00:00,255,255.15,254.88,254.949,231405,0
2017-10-04,20:00:00,254.96,255.03,254.63,254.8,190305,0
2017-10-04,21:00:00,254.79,254.89,254.7,254.88,232850,0
2017-10-04,22:00:00,254.86,254.97,254.7,254.9,1167296,0
2017-10-05,16:00:00,255.27,255.5,255.12,255.32,176974,0
2017-10-05,17:00:00,255.35,255.59,255.32,255.501,640340,0
2017-10-05,18:00:00,255.51,255.98,255.475,255.973,572539,0
2017-10-05,19:00:00,255.9718,256.335,255.96,256.13,445122,0
2017-10-05,20:00:00,256.13,256.33,256.13,256.25,163559,0
2017-10-05,21:00:00,256.24,256.319,256.1489,256.28,396829,0
2017-10-05,22:00:00,256.3,256.42,256.19,256.38,1309642,0
2017-10-06,16:00:00,255.88,256.08,255.84,256.03,313016,0
2017-10-06,17:00:00,256.03,256.19,255.61,255.73,1037206,0
2017-10-06,18:00:00,255.73,255.9,255.6,255.71,752061,0
2017-10-06,19:00:00,255.7,255.93,255.6,255.81,763742,0
2017-10-06,20:00:00,255.81,255.84,255.641,255.81,498455,0
2017-10-06,21:00:00,255.8,256.03,255.79,256.03,623271,0
2017-10-06,22:00:00,256.02,256.15,255.87,256.13,645048,0
2017-10-09,16:00:00,256.34,256.42,255.88,255.969,221814,0
2017-10-09,17:00:00,255.99,256.06,255.8,255.96,154699,0
2017-10-09,18:00:00,255.98,256.12,255.911,256.092,51671,0
2017-10-09,19:00:00,256.09,256.1161,255.91,255.95,96069,0
2017-10-09,20:00:00,255.93,256.03,255.93,256.0108,76244,0
2017-10-09,21:00:00,256.0155,256.03,255.71,255.73,156472,0
2017-10-09,22:00:00,255.715,255.72,255.37,255.68,511276,0
2017-10-10,16:00:00,256.35,256.77,256.25,256.4497,279045,0
2017-10-10,17:00:00,256.47,256.47,255.76,256.07,678311,0
2017-10-10,18:00:00,256.07,256.12,255.83,255.8821,238158,0
2017-10-10,19:00:00,255.9012,256.127,255.72,256.0515,238083,0
2017-10-10,20:00:00,256.04,256.26,256.02,256.0956,95197,0
2017-10-10,21:00:00,256.07,256.171,255.98,256.05,152301,0
2017-10-10,22:00:00,256.06,256.34,256.05,256.3,503987,0
2017-10-11,16:00:00,256.21,256.39,256.05,256.14,306976,0
2017-10-11,17:00:00,256.16,256.3757,256.1135,256.2805,209218,0
2017-10-11,18:00:00,256.28,256.43,256.23,256.311,233606,0
2017-10-11,19:00:00,256.31,256.52,256.31,256.4345,271648,0
2017-10-11,20:00:00,256.43,256.54,256.34,256.36,655855,0
2017-10-11,21:00:00,256.3608,256.605,256.32,256.48,417552,0
2017-10-11,22:00:00,256.46,256.74,256.46,256.71,1001867,0
2017-10-12,16:00:00,256.35,256.45,256.19,256.29,317747,0
2017-10-12,17:00:00,256.27,256.67,256.23,256.5232,162330,0
2017-10-12,18:00:00,256.515,256.74,256.51,256.74,219630,0
2017-10-12,19:00:00,256.75,256.77,256.51,256.6,174998,0
2017-10-12,20:00:00,256.5935,256.78,256.5935,256.64,138495,0
2017-10-12,21:00:00,256.64,256.7066,256.33,256.4347,267006,0
2017-10-12,22:00:00,256.44,256.59,256.0974,256.34,1170894,0
2017-10-13,16:00:00,256.9,256.9,256.5,256.65,265346,0
2017-10-13,17:00:00,256.66,257.01,256.66,256.86,234445,0
2017-10-13,18:00:00,256.87,256.97,256.67,256.857,376848,0
2017-10-13,19:00:00,256.86,256.94,256.79,256.91,189602,0
2017-10-13,20:00:00,256.91,257.01,256.81,256.813,223522,0
2017-10-13,21:00:00,256.82,256.9,256.691,256.8046,155135,0
2017-10-13,22:00:00,256.8,256.92,256.49,256.63,821122,0
2017-10-16,16:00:00,256.92,257.24,256.92,257.09,177432,0
2017-10-16,17:00:00,257.1,257.14,256.67,256.72,210401,0
2017-10-16,18:00:00,256.74,256.95,256.7,256.78,318596,0
2017-10-16,19:00:00,256.79,256.82,256.54,256.7,197022,0
2017-10-16,20:00:00,256.69,256.9054,256.66,256.76,165254,0
2017-10-16,21:00:00,256.76,256.9,256.75,256.83,537687,0
2017-10-16,22:00:00,256.83,257.07,256.8,257.05,530710,0
2017-10-17,16:00:00,256.97,257.0424,256.88,257.0024,132077,0
2017-10-17,17:00:00,257.0066,257.12,256.72,256.8599,308845,0
2017-10-17,18:00:00,256.885,257.1,256.83,256.87,412715,0
2017-10-17,19:00:00,256.87,256.969,256.85,256.875,182496,0
2017-10-17,20:00:00,256.88,256.93,256.76,256.819,193949,0
2017-10-17,21:00:00,256.82,257.03,256.82,257,185267,0
2017-10-17,22:00:00,257.01,257.25,256.975,257.2,534267,0
2017-10-18,16:00:00,257.64,257.68,257.4,257.46,179999,0
2017-10-18,17:00:00,257.47,257.53,257.24,257.44,177162,0
2017-10-18,18:00:00,257.44,257.47,257.24,257.37,244589,0
2017-10-18,19:00:00,257.37,257.58,257.35,257.51,146089,0
2017-10-18,20:00:00,257.52,257.66,257.52,257.61,324961,0
2017-10-18,21:00:00,257.627,257.69,257.5212,257.54,117893,0
2017-10-18,22:00:00,257.54,257.67,257.32,257.43,351096,0
2017-10-19,16:00:00,256.57,256.98,256.197,256.2993,208628,0
2017-10-19,17:00:00,256.26,256.91,256.0795,256.88,226823,0
2017-10-19,18:00:00,256.91,256.9619,256.769,256.8145,100011,0
2017-10-19,19:00:00,256.81,256.98,256.6901,256.96,88385,0
2017-10-19,20:00:00,256.96,257.2801,256.9544,257.15,94918,0
2017-10-19,21:00:00,257.162,257.37,257.12,257.3,139751,0
2017-10-19,22:00:00,257.3099,257.55,257.2,257.53,825282,0
2017-10-20,16:00:00,258.48,258.48,258.16,258.3,142013,0
2017-10-20,17:00:00,258.28,258.4869,258.16,258.1849,317353,0
2017-10-20,18:00:00,258.2,258.44,258.2,258.44,177505,0
2017-10-20,19:00:00,258.44,258.56,258.38,258.5278,387830,0
2017-10-20,20:00:00,258.54,258.81,258.5283,258.68,107076,0
2017-10-20,21:00:00,258.66,258.88,258.66,258.68,142499,0
2017-10-20,22:00:00,258.67,258.85,258.54,258.82,304924,0
2017-10-23,16:00:00,259.21,259.22,258.88,259.08,131918,0
2017-10-23,17:00:00,259.04,259.0432,258.75,258.81,173766,0
2017-10-23,18:00:00,258.79,258.92,258.59,258.7341,242306,0
2017-10-23,19:00:00,258.757,258.795,258.63,258.79,157624,0
2017-10-23,20:00:00,258.79,258.81,258.45,258.53,250617,0
2017-10-23,21:00:00,258.54,258.595,258.2243,258.4,253396,0
2017-10-23,22:00:00,258.41,258.41,257.75,257.85,1134753,0
2017-10-24,16:00:00,258.32,258.48,257.89,257.9341,170355,0
2017-10-24,17:00:00,257.9,258.2705,257.9,258.2151,274294,0
2017-10-24,18:00:00,258.209,258.43,258.205,258.35,453468,0
2017-10-24,19:00:00,258.34,258.41,258.29,258.329,172505,0
2017-10-24,20:00:00,258.33,258.45,258.25,258.4,245037,0
2017-10-24,21:00:00,258.39,258.56,258.25,258.3244,429809,0
2017-10-24,22:00:00,258.33,258.41,258,258.27,547072,0
2017-10-25,16:00:00,257.9,258.04,257.49,257.53,549713,0
2017-10-25,17:00:00,257.53,257.76,256.8,256.9808,408673,0
2017-10-25,18:00:00,256.95,256.95,256.18,256.45,416577,0
2017-10-25,19:00:00,256.4453,256.4453,255.719,256.3667,909687,0
2017-10-25,20:00:00,256.36,256.87,256.18,256.82,372098,0
2017-10-25,21:00:00,256.8155,257.165,256.68,256.87,268268,0
2017-10-25,22:00:00,256.87,257.3,256.64,257.04,971840,0
2017-10-26,16:00:00,257.75,257.93,257.57,257.77,386717,0
2017-10-26,17:00:00,257.78,257.891,257.29,257.83,917497,0
2017-10-26,18:00:00,257.8366,258.03,257.43,257.68,338652,0
2017-10-26,19:00:00,257.66,257.86,257.405,257.48,298947,0
2017-10-26,20:00:00,257.48,257.77,257.4128,257.74,276552,0
2017-10-26,21:00:00,257.75,257.83,257.5036,257.51,246903,0
2017-10-26,22:00:00,257.51,257.64,257.32,257.35,989381,0
2017-10-27,16:00:00,258.24,258.36,257.9,258.26,204521,0
2017-10-27,17:00:00,258.24,258.82,258.24,258.6878,258346,0
2017-10-27,18:00:00,258.678,259.2501,258.678,259.22,176625,0
2017-10-27,19:00:00,259.24,259.4899,259.24,259.35,173829,0
2017-10-27,20:00:00,259.36,259.46,259.21,259.442,164372,0
2017-10-27,21:00:00,259.44,259.64,259.3189,259.3838,273533,0
2017-10-27,22:00:00,259.3712,259.5104,259.17,259.37,770066,0
2017-10-30,15:00:00,258.82,259.14,258.74,259.04,207864,0
2017-10-30,16:00:00,259.02,259.345,258.97,259.22,435721,0
2017-10-30,17:00:00,259.23,259.2561,258.39,258.63,315348,0
2017-10-30,18:00:00,258.62,258.64,258.17,258.5822,1608977,0
2017-10-30,19:00:00,258.54,258.77,258.41,258.46,324918,0
2017-10-30,20:00:00,258.46,258.7133,258.41,258.61,361972,0
2017-10-30,21:00:00,258.605,258.8,258.3,258.52,678508,0
2017-10-31,15:00:00,258.94,258.94,258.63,258.689,127829,0
2017-10-31,16:00:00,258.68,258.94,258.56,258.88,216773,0
2017-10-31,17:00:00,258.88,259.12,258.88,259.03,155747,0
2017-10-31,18:00:00,259.06,259.08,258.9,258.97,106738,0
2017-10-31,19:00:00,258.96,259.04,258.9,259.04,180390,0
2017-10-31,20:00:00,259.0246,259.13,258.949,259.08,186381,0
2017-10-31,21:00:00,259.08,259.19,258.74,258.81,2125329,0
2017-11-01,15:00:00,259.79,260.19,259.68,260.04,288552,0
2017-11-01,16:00:00,260.04,260.07,259.58,259.6999,332897,0
2017-11-01,17:00:00,259.689,259.7838,259.18,259.28,275344,0
2017-11-01,18:00:00,259.29,259.52,259.25,259.33,272249,0
2017-11-01,19:00:00,259.32,259.32,258.82,259.17,266362,0
2017-11-01,20:00:00,259.246,259.5,259.13,259.4,279948,0
2017-11-01,21:00:00,259.39,259.5,259.18,259.23,464399,0
2017-11-02,15:00:00,259.17,259.27,259,259.12,453286,0
2017-11-02,16:00:00,259.12,259.14,257.94,258.67,611575,0
2017-11-02,17:00:00,258.69,259.01,258.37,258.78,220187,0
2017-11-02,18:00:00,258.78,259.21,258.7244,259.1,360779,0
2017-11-02,19:00:00,259.109,259.14,258.8696,258.943,269469,0
2017-11-02,20:00:00,258.94,259.19,258.8034,258.81,254530,0
2017-11-02,21:00:00,258.82,259.49,258.8,259.37,769849,0
2017-11-03,15:00:00,259.54,259.6,259.06,259.24,295391,0
2017-11-03,16:00:00,259.24,259.46,259.13,259.36,253352,0
2017-11-03,17:00:00,259.4,259.74,259.33,259.69,303456,0
2017-11-03,18:00:00,259.7,259.96,259.68,259.89,196656,0
2017-11-03,19:00:00,259.89,260.13,259.89,260.12,172627,0
2017-11-03,20:00:00,260.1295,260.25,260.01,260.16,255646,0
2017-11-03,21:00:00,260.16,260.21,259.97,260.18,849038,0
2017-11-06,16:00:00,260.04,260.36,259.99,260.36,354662,0
2017-11-06,17:00:00,260.341,260.54,260.21,260.3936,262587,0
2017-11-06,18:00:00,260.37,260.56,260.29,260.329,318898,0
2017-11-06,19:00:00,260.33,260.5851,260.31,260.55,160012,0
2017-11-06,20:00:00,260.55,260.66,260.51,260.6,278977,0
2017-11-06,21:00:00,260.5998,260.71,260.52,260.7,136624,0
2017-11-06,22:00:00,260.7,260.77,260.55,260.62,562829,0
2017-11-07,16:00:00,260.8,261.12,260.69,260.97,375250,0
2017-11-07,17:00:00,260.97,261.04,260.34,260.51,675959,0
2017-11-07,18:00:00,260.52,260.7012,259.99,260.05,1080676,0
2017-11-07,19:00:00,260.03,260.2633,259.87,260.18,957816,0
2017-11-07,20:00:00,260.18,260.41,260.1588,260.26,274549,0
2017-11-07,21:00:00,260.26,260.32,260.08,260.1032,183659,0
2017-11-07,22:00:00,260.11,260.49,259.99,260.49,972461,0
2017-11-08,16:00:00,260.25,260.35,259.94,260.0111,372010,0
2017-11-08,17:00:00,260.07,260.3417,260,260.3,493705,0
2017-11-08,18:00:00,260.31,260.43,260.18,260.35,244584,0
2017-11-08,19:00:00,260.345,260.73,260.33,260.67,366853,0
2017-11-08,20:00:00,260.69,260.84,260.66,260.77,359662,0
2017-11-08,21:00:00,260.78,260.915,260.68,260.84,702291,0
2017-11-08,22:00:00,260.839,261,260.67,260.94,848815,0
2017-11-09,16:00:00,259.49,259.849,259.21,259.51,351536,0
2017-11-09,17:00:00,259.55,260.16,259.53,260.16,275064,0
2017-11-09,18:00:00,260.12,260.12,258.8,259.1,352469,0
2017-11-09,19:00:00,259.1,259.12,258.11,258.7805,443672,0
2017-11-09,20:00:00,258.78,259.41,258.53,259.3,282169,0
2017-11-09,21:00:00,259.3,259.64,259.2895,259.41,263905,0
2017-11-09,22:00:00,259.4,260.14,259.34,259.97,532785,0
2017-11-10,16:00:00,259.48,259.7,259.34,259.48,413982,0
2017-11-10,17:00:00,259.48,259.67,259.13,259.5,457690,0
2017-11-10,18:00:00,259.51,259.605,259.28,259.599,196421,0
2017-11-10,19:00:00,259.6,259.74,259.4401,259.45,138965,0
2017-11-10,20:00:00,259.46,259.675,259.4,259.585,138202,0
2017-11-10,21:00:00,259.59,259.95,259.59,259.91,195771,0
2017-11-10,22:00:00,259.92,259.97,259.78,259.81,817554,0
2017-11-13,16:00:00,259.06,259.6019,259.02,259.59,194762,0
2017-11-13,17:00:00,259.61,260.01,259.59,259.85,142543,0
2017-11-13,18:00:00,259.81,260.069,259.7753,260.04,120210,0
2017-11-13,19:00:00,260.06,260.12,259.94,260.02,247202,0
2017-11-13,20:00:00,260.025,260.15,259.88,260.115,362932,0
2017-11-13,21:00:00,260.1153,260.19,260.07,260.12,457536,0
2017-11-13,22:00:00,260.12,260.3631,259.9,260.1,462359,0
2017-11-14,16:00:00,259.14,259.42,258.93,259,642276,0
2017-11-14,17:00:00,258.98,259.62,258.28,259.46,810859,0
2017-11-14,18:00:00,259.47,259.55,259.25,259.51,250290,0
2017-11-14,19:00:00,259.48,259.61,258.92,259.08,272728,0
2017-11-14,20:00:00,259.06,259.4203,258.87,259.265,168608,0
2017-11-14,21:00:00,259.29,259.49,259.23,259.44,420075,0
2017-11-14,22:00:00,259.44,259.59,259.24,259.58,665911,0
2017-11-15,16:00:00,258.39,258.45,257.38,257.649,585267,0
2017-11-15,17:00:00,257.658,258.65,257.6,258.64,210538,0
2017-11-15,18:00:00,258.67,258.979,258.56,258.779,300454,0
2017-11-15,19:00:00,258.79,258.79,258.46,258.7,160800,0
2017-11-15,20:00:00,258.7099,258.7099,258.35,258.37,228453,0
2017-11-15,21:00:00,258.38,258.62,258.27,258.55,144450,0
2017-11-15,22:00:00,258.54,258.78,258.02,258.18,489680,0
2017-11-16,16:00:00,259.3,259.62,259.26,259.42,350966,0
2017-11-16,17:00:00,259.42,260.23,259.42,260.11,243486,0
2017-11-16,18:00:00,260.1388,260.3,259.99,260.25,204708,0
2017-11-16,19:00:00,260.26,260.59,260.26,260.5,216897,0
2017-11-16,20:00:00,260.5097,260.66,260.4279,260.59,189982,0
2017-11-16,21:00:00,260.57,260.82,260.5034,260.54,1055565,0
2017-11-16,22:00:00,260.54,260.57,260.27,260.34,688178,0
2017-11-17,16:00:00,259.88,260.1,259.72,260.06,260032,0
2017-11-17,17:00:00,260.04,260.19,259.8,260.01,445407,0
2017-11-17,18:00:00,260.01,260.06,259.66,260,138466,0
2017-11-17,19:00:00,259.95,260.11,259.85,260.06,283626,0
2017-11-17,20:00:00,260.05,260.095,259.86,259.999,193755,0
2017-11-17,21:00:00,260,260.04,259.8068,259.98,316635,0
2017-11-17,22:00:00,259.95,259.969,259.54,259.63,282111,0
2017-11-20,16:00:00,259.91,259.94,259.61,259.89,230321,0
2017-11-20,17:00:00,259.8963,260.04,259.72,260.02,175159,0
2017-11-20,18:00:00,260.04,260.15,259.947,260.09,280276,0
2017-11-20,19:00:00,260.102,260.12,259.87,260.0857,104609,0
2017-11-20,20:00:00,260.1,260.24,260.04,260.21,183307,0
2017-11-20,21:00:00,260.22,260.25,260.13,260.1716,378376,0
2017-11-20,22:00:00,260.168,260.2799,259.89,260.04,281940,0
2017-11-21,16:00:00,260.95,261.52,260.87,261.4402,303454,0
2017-11-21,17:00:00,261.45,261.7999,261.4,261.7695,292813,0
2017-11-21,18:00:00,261.7758,261.83,261.6301,261.79,132194,0
2017-11-21,19:00:00,261.8,261.8104,261.67,261.75,133062,0
2017-11-21,20:00:00,261.77,261.97,261.72,261.76,137412,0
2017-11-21,21:00:00,261.769,261.83,261.69,261.8152,359359,0
2017-11-21,22:00:00,261.81,261.84,261.59,261.7,339858,0
2017-11-22,16:00:00,261.76,261.91,261.67,261.75,170338,0
2017-11-22,17:00:00,261.75,261.8,261.45,261.705,623013,0
2017-11-22,18:00:00,261.71,261.76,261.45,261.53,347695,0
2017-11-22,19:00:00,261.5251,261.565,261.37,261.5499,227028,0
2017-11-22,20:00:00,261.53,261.57,261.34,261.57,176986,0
2017-11-22,21:00:00,261.5655,261.7348,261.56,261.65,409910,0
2017-11-22,22:00:00,261.64,261.75,261.5,261.54,676749,0
2017-11-24,16:00:00,262.06,262.1,261.95,262.05,193575,0
2017-11-24,17:00:00,262.04,262.155,261.95,262.12,159894,0
2017-11-24,18:00:00,262.1201,262.269,262.12,262.17,142512,0
2017-11-24,19:00:00,262.175,262.27,262.04,262.13,346410,0
2017-11-24,20:00:00,262.12,262.13,262.09,262.09,234700,0
2017-11-24,22:00:00,262.09,262.09,262.09,262.09,0,0
2017-11-27,16:00:00,262.18,262.54,262.05,262.37,307557,0
2017-11-27,17:00:00,262.38,262.46,262.26,262.39,184512,0
2017-11-27,18:00:00,262.3965,262.4167,261.79,262.095,235405,0
2017-11-27,19:00:00,262.095,262.1,261.9325,262.04,302897,0
2017-11-27,20:00:00,262.06,262.21,262.06,262.19,836829,0
2017-11-27,21:00:00,262.2,262.21,262.05,262.17,183853,0
2017-11-27,22:00:00,262.16,262.19,262.01,262.08,393679,0
2017-11-28,16:00:00,262.59,262.75,262.45,262.58,245559,0
2017-11-28,17:00:00,262.59,262.96,262.5717,262.88,125147,0
2017-11-28,18:00:00,262.885,263.3695,262.86,263.35,225016,0
2017-11-28,19:00:00,263.34,263.81,263.34,263.77,181899,0
2017-11-28,20:00:00,263.79,264.05,263.18,263.22,325419,0
2017-11-28,21:00:00,263.22,264.28,262.96,264.24,437275,0
2017-11-28,22:00:00,264.2,264.7,264.15,264.65,418210,0
2017-11-29,16:00:00,264.84,265.4432,264.77,265.33,406363,0
2017-11-29,17:00:00,265.33,265.34,264.53,264.66,372649,0
2017-11-29,18:00:00,264.65,264.75,264.08,264.14,393716,0
2017-11-29,19:00:00,264.14,264.645,264,264.51,243734,0
2017-11-29,20:00:00,264.51,264.6199,264.2,264.271,107086,0
2017-11-29,21:00:00,264.2701,264.5702,264.2701,264.37,122113,0
2017-11-29,22:00:00,264.4,264.68,264.17,264.48,1023420,0
2017-11-30,16:00:00,265.58,265.99,265.5,265.77,254097,0
2017-11-30,17:00:00,265.76,266.2,265.5989,266.2,233697,0
2017-11-30,18:00:00,266.1701,266.69,266.1422,266.38,379117,0
2017-11-30,19:00:00,266.39,267.87,266.39,267.4,713969,0
2017-11-30,20:00:00,267.38,267.69,266.63,266.8701,429413,0
2017-11-30,21:00:00,266.875,267.07,266.615,266.67,327456,0
2017-11-30,22:00:00,266.66,267.15,266.1605,266.89,2135871,0
2017-12-01,16:00:00,266.61,266.92,266.33,266.5957,454631,0
2017-12-01,17:00:00,266.55,267.1385,266.37,266.98,364681,0
2017-12-01,18:00:00,266.96,267.008,262.57,265,1617111,0
2017-12-01,19:00:00,265,265.58,264.61,265.54,466183,0
2017-12-01,20:00:00,265.48,266.07,265.32,265.7708,340002,0
2017-12-01,21:00:00,265.78,266.02,265.49,265.6788,532885,0
2017-12-01,22:00:00,265.66,266.35,265.391,266.26,1129674,0
2017-12-04,16:00:00,268.13,268.65,268.02,268.25,1009640,0
2017-12-04,17:00:00,268.25,268.35,267.22,267.5,1515293,0
2017-12-04,18:00:00,267.5,267.85,267.22,267.64,847687,0
2017-12-04,19:00:00,267.7,267.88,267.31,267.66,222000,0
2017-12-04,20:00:00,267.66,267.869,267.61,267.79,143766,0
2017-12-04,21:00:00,267.79,267.79,266.68,266.85,478284,0
2017-12-04,22:00:00,266.87,266.88,265.95,265.95,611054,0
2017-12-05,16:00:00,266.23,266.28,265.92,266,268335,0
2017-12-05,17:00:00,266,266.71,265.98,266.64,325597,0
2017-12-05,18:00:00,266.66,266.97,266.41,266.43,223327,0
2017-12-05,19:00:00,266.44,266.49,265.98,266.04,326554,0
2017-12-05,20:00:00,266.0583,266.34,265.96,266.1676,437546,0
2017-12-05,21:00:00,266.17,266.23,265.1676,265.32,363144,0
2017-12-05,22:00:00,265.3,265.47,264.84,264.99,683851,0
2017-12-06,16:00:00,264.61,265.21,264.61,265.045,265320,0
2017-12-06,17:00:00,265.07,265.4,264.53,265.4,291368,0
2017-12-06,18:00:00,265.34,265.47,264.94,265.08,255596,0
2017-12-06,19:00:00,265.07,265.09,264.69,265,195593,0
2017-12-06,20:00:00,265.01,265.3178,264.87,265.29,166312,0
2017-12-06,21:00:00,265.28,265.55,265.18,265.32,236196,0
2017-12-06,22:00:00,265.32,265.44,264.88,265.06,546294,0
